9606
10116
39947
7955
7227
6239
3702
10090
9913
44689
224308
559292
83333
208964
4839
1344414
4102
3880
27334
83332
8705
745531
5270
571544
3750
6279
30457
3871
69780
36329
242507
4577
237561
520031
3355
8355
7165
587669
5850
51338
9823
59476
5843
54477
35608
880079
37319
4081
9925
68825
1314807
5322
5823
49666
3634
63577
184922
7159
1221240
10160
9940
5811
9615
34305
9031
9555
9685
92519
344612
34245
9597
215358
9509
9796
425011
3055
291283
39946
8364
9447
9598
5702
126793
9837
3847
10141
9595
343250
8707
240176
8665
9483
9519
3218
4058
9544
451804
54796
515849
117024
8090
379576
7217
7220
7234
7238
7230
7244
7260
7245
7240
59729
115422
9531
441960
556484
557722
332952
121355
8732
6871
9870
1042543
200320
682790
1330407
1744888
34457
1336846
28565
482561
294381
1051067
644223
306902
554155
537493
544712
284812
431266
574961
227321
643680
7091
588858
9646
209901
187623
77880
8656
64040
9739
7594
121224
67593
877550
3148341
85439
3823
106556
330879
5074
373101
3332
13616
660025
256736
431241
759272
9986
573729
498257
10029
5087
6183
4100
62890
858893
1562928
15368
229533
3469
3483
235443
39350
197464
6956
3758
675120
3486
33178
5855
9545
3562
4120
27300
5477
5839
37347
4097
4113
85962
4754
4054
4072
5476
34649
3988
5053
5061
5627
312017
99287
8213
8729
8724
2747968
8616
8769
93934
9057
1590841
4565
8649
6858
6112
9793
30521
8839
452646
9813
6100
9541
73841
10036
6492
8022
3888
367110
99861
5888
74940
51453
4932
10144
7787
9534
4513
510516
89429
198732
31156
3148161
64174
400727
8697
221569
8725
6921
58218
369967
45351
5518
89438
1144373
36307
35024
33548
9557
197043
1519798
1749325
202808
1868482
51337
9923
9938
39352
49992
190515
32536
9565
10093
185886
230469
61156
38674
8726
8855
287
93061
6500
10030
9600
6536
2899558
9767
5755
88087
9551
6853
5664
170187
1870830
202063
46245
3659
3885
4212
8619
6493
8713
6123
9490
8386
4202
284590
61183
9267
7788
8932
5911
6465
6523
161934
3704
4224
56690
35631
29760
9860
143350
3906
4228
31033
9548
6904
7067
7224
6928
61198
432528
278031
60167
30345
8354
42752
9690
9864
9693
50353
3477
3879
37293
8078
8407
5791
334942
6733
44722
243232
100989
88771
6494
5813
98334
9315
39682
118530
9749
4682
242841
2822231
342590
242058
8404
529024
184542
215418
1051630
6610
6253
5083
721885
1108849
1126212
4922
5082
93504
8722
5833
61853
9888
341663
45623
9785
1403190
7460
137071
185735
330676
9627
7668
5763
7660
5665
30532
43179
306901
44710
59479
103944
89462
30611
271848
61851
3147914
185431
46611
9669
33111
133434
4006
39639
4226
3755
9580
191219
3467
9675
73839
8668
78454
43777
9538
195058
39432
9601
28909
10157
34862
284592
284591
248308
1979465
284593
140101
3972
5046
6984
162425
9997
69781
9711
8742
284811
5417
8030
6622
8673
99883
226900
164110
4550
79730
6941
27288
223283
160488
8714
171929
7130
4039
9521
6945
8618
140968
32595
2593188
34254
36779
5507
8730
8613
9091
8316
8319
134510
5127
3039
9378
43137
7729
502779
85995
123683
104658
9838
36229
65409
45371
3816
3983
9405
482537
7738
5544
242054
7957
2853
3917
64459
29850
9301
8241
7998
243273
3339
3353
1279085
6526
507601
933388
1343917
39333
88728
1003335
1365484
6491
248869
294750
70448
90312
36656
1429867
208963
426428
2836329
292560
4060
48697
508771
22663
759273
602072
28513
13216
554065
3117
77214
498019
51240
118510
430902
1756125
332648
5661
312531
425177
43346
5261
52822
331117
9371
33125
3715
37546
322104
3311
379508
52861
361634
270110
40697
109781
6238
99586
32278
6954
9894
29158
5499
29829
7222
402676
441959
75736
396334
573826
203543
10137
88510
6876
2782195
44717
5327
38281
447093
6182
595496
559295
559307
222929
660122
746128
47073
663331
161573
4146
58217
655827
6204
46731
927686
13288
4498
9103
72496
983644
1094619
35925
128735
7897
246409
443222
3818
1072389
1120755
5076
78605
34631
7740
10096
8058
30991
6396
7108
29674
63779
10103
8127
37727
6289
1266744
2315449
56364
36596
8020
70142
8631
8667
9930
3649
8620
6221
6108
9875
49271
85549
3864
9543
9692
8716
5848
3197
200614
13618
6495
88083
34632
443226
283643
217256
66188
172552
157295
992932
310752
882735
118797
74533
5821
9713
8496
181762
754466
1026970
79684
29029
613619
1402511
8018
3501
474922
5286
7962
8083
6410
8019
4558
5188
8736
1859699
5482
3673
9620
5346
5693
3726
4670
7200
4227
6446
3122430
8393
8753
31234
55423
6973
6550
118974
232299
55084
179874
31925
269635
6110
9553
6887
5838
58216
319920
4615
13706
104954
7137
3674
161274
29017
196418
268291
6565
6689
30489
9258
192919
29725
376535
547193
9840
34648
13632
31165
157554
4679
294746
5017
61452
3713
380989
9590
9361
8467
40296
6192
13249
6501
5656
7370
271217
9365
30603
3119969
30608
3147916
27638
9644
3656
201219
6690
35889
3654
4232
13642
877507
45385
60712
230833
54133
154538
184396
8781
41492
283164
3371109
88032
48139
49450
34256
3981
5081
204285
219186
9387
7226
73239
34381
30069
7937
3352
4220
30591
9515
9556
5077
167108
58824
8723
13451
284813
5807
870730
9505
36231
28572
36778
8330
34364
10044
4151
10047
9438
60698
5689
29924
71582
5970
99929
8305
200525
409370
226208
2126942
1237896
50544
76306
103349
695850
89764
60093
3617
196454
60711
6551
1033975
10181
694369
89489
104259
204045
4236
27337
3694
2715852
2496636
459671
749675
28576
1046902
78534
70113
13443
3572
1214568
35941
268906
396869
665079
425265
62330
182058
486041
93608
278060
316385
8773
60219
5851
32201
30522
9915
500485
432359
1973307
7902
144766
41690
2340898
2034991
329350
559297
294747
74722
403677
176275
693051
5762
7070
4090
104421
610380
4787
257347
419285
666126
380704
88036
7892
685588
151218
4087
384075
13306
8752
13735
279984
889517
3088
8056
52586
57267
3707
254704
35531
9995
8255
38868
6706
51350
9853
9807
3873
7757
8245
9561
1192867
9983
89431
8718
8767
110227
2782196
165778
8657
35671
113192
1273102
1967283
59538
9818
321363
61622
64182
2024411
8642
7038
138282
8400
1343144
5514
5554
3728
5334
3369
3490
9649
5837
7656
8216
6925
4043
7797
3916
4847
3635
3979
12944
37335
6850
23207
88764
36749
8267
1662106
6880
4844
6106
8128
9689
3476
30538
105351
280228
5079
9337
36936
44725
185217
223896
194601
57059
420949
4265
221570
74491
7650
3560
2769
56467
27292
321614
3067
5063
304329
9642
28737
9917
37174
353153
5341
7113
3527
3914
4690
69820
112509
43335
321314
111177
9493
214684
7160
8757
6282
246982
8694
82310
100897
9720
55575
10089
7936
8068
128077
172269
9502
2592315
47664
33394
129788
40145
135724
179666
1033177
180675
13686
6454
88086
9135
94247
3747
69196
6579
10034
473866
9901
334819
76912
9395
763407
8717
1577145
3884
1264739
1343918
83518
56157
57266
41230
3708
40382
595528
51239
7461
559298
573841
947166
683960
1805964
192750
29088
4041
54731
130138
3148373
215227
1808362
9643
307796
4673
436907
32247
9523
72542
2066572
42254
5037
480358
4758
28958
486636
332626
1457464
497827
156354
465486
502780
294748
662878
6978
771870
44386
2880
3570
655844
155299
168631
578454
1114302
90345
29892
46472
157546
40601
9430
70095
9402
58228
5478
51351
47982
10101
8502
3767
5058
47178
5060
6421
218467
9463
40322
9814
8501
5908
5044
37998
7389
3837
9902
9755
29918
376876
101314
37501
745791
51769
257332
9733
34839
71139
75806
3400313
2815652
139229
9354
35670
124223
6918
9572
8770
69158
8218
6637
29898
10041
10098
9485
8265
6892
6863
2704970
167618
101291
64495
8371
313352
13604
40690
48868
63559
141248
77009
13677
65739
82655
36202
253246
316287
389514
56716
647691
8605
763456
7904
35883
5530
61235
9368
4921
4233
7146
9886
48400
8644
7153
31229
9316
40233
146132
3438
329627
5874
96584
61195
5180
293813
5059
150095
4850
29808
59463
290576
40559
48026
172021
132961
55670
210202
5480
9704
44732
40353
246437
264483
66062
9507
52232
30590
6703
6878
192326
107832
8387
34771
33626
137221
7175
5741
70109
3870
49011
4442
39099
1051066
9988
9858
7167
226302
8692
8376
10068
5323
4853
57270
671987
1009714
76867
4641
8637
1220924
84754
71610
133440
2015173
8845
559305
122909
55190
1234273
39367
1509407
7648
1043006
4084
36460
85552
16719
41067
648682
72120
1799150
198730
6645
6087
468172
298683
2059318
61267
8175
29154
90397
1234705
285006
1078900
88079
1337871
336963
526221
259368
715877
70019
266039
3330
6728
336722
756982
2813651
118700
5520
655819
75988
30494
36903
58220
8049
1686644
3712
79782
36196
9945
9927
6885
9791
73334
7970
5474
6715
5841
101285
410709
4530
398408
9708
1735992
152095
9516
268413
4896
3824
5078
1173061
4463
8406
4068
5451
31164
200597
8023
38407
9302
69488
30637
9844
13676
5075
8738
9695
5836
44066
5325
7769
8801
13101
52969
47769
8346
213387
56722
75873
204231
7973
356346
219594
43366
169857
47519
55183
3435
1769365
166626
4096
3349
46286
97183
44932
30077
50426
29073
103355
4103
70687
60710
353152
121123
9510
6398
10094
6860
61621
54180
1812042
9487
57374
38626
204723
5062
4182
9678
5802
29856
7782
13279
164324
5535
7950
104659
3316
3559
46348
6687
40602
79738
44727
37565
232300
152925
1547289
1276141
3151832
1608308
6549
1549217
174080
454130
6663
318068
69774
5599
1405805
212925
46634
293382
672127
1159556
5858
78579
573508
1227346
767769
101286
5353
122658
60169
69771
1276538
1353009
1934374
881871
747089
1392255
6741
374132
1332765
1450538
460024
5503
561896
613454
85310
662907
289019
6339
2046025
48703
1756131
148305
2587412
317303
219785
133901
6105
747676
350623
301146
35128
6573
121615
6269
4098
9792
28829
1299270
3505
72657
78192
4934
54799
153571
5551
1736779
35886
339422
54181
4121
34613
4428
476139
437280
4522
481877
318829
8762
3940
3942
482428
475174
5315
426418
431936
182864
1176036
6737
1264770
545124
379532
34615
2903
42330
108892
84099
180498
863974
1043007
35936
500182
191813
248361
2986840
495387
2740835
2697470
621823
75702
537785
1170830
2696576
571525
571530
571529
571518
424440
571533
571517
571541
571532
571540
575956
136217
71412
110107
141207
7739
2587399
8395
169388
29001
683695
36599
227975
670386
5548
663202
36650
46267
55194
483148
418459
145953
645133
985895
4045
7048
431935
6669
310659
66186
999810
857185
1077530
38869
413071
452589
94232
510798
187461
230806
135722
1206466
1028729
1395661
5054
1111077
383855
559515
55529
120017
9634
9654
2771
61868
59472
30640
9234
64108
5466
89252
51872
64177
42757
5643
7830
56549
31147
61618
83953
85887
8226
3661
8695
5271
10146
10060
9014
8984
8073
9770
8643
9662
30520
8840
8844
8499
8296
9477
9375
9317
9217
499232
9453
9978
8236
7604
7609
7658
9777
7653
8670
31286
8846
3645
4104
1043166
9160
8924
9843
3480
69308
5828
5830
5831
9994
3300
7116
3716
3054
358746
7450
89447
184540
28377
69293
505247
72281
101297
246410
2072580
143451
183720
88925
1171125
38415
48883
28542
519296
28545
2946199
101301
232082
2609776
2771863
88926
50344
619325
36170
743411
34886
43566
351119
310713
310712
77932
34844
10149
143286
6111
9209
9657
6908
9400
9435
9403
10185
7813
9187
8895
8790
44271
3544
5479
9659
97093
10085
4676
9228
9455
7469
7792
6091
3538
4222
7373
6535
980415
9019
7673
130081
9066
2767
31199
4712
3533
3575
9651
3324
79257
5939
13106
4355
4368
4193
4031
9786
3422
4205
8249
8276
7913
8291
8032
7910
4177
7177
3918
5523
12940
6661
6293
28506
28540
6618
1392242
29606
35730
3122392
2762
35657
4076
3965
3735
129195
2787
30588
5722
30331
9503
8053
89437
97441
29156
34647
68728
44926
54131
9579
54137
9525
9489
8975
8959
9764
116057
8001
122309
4112
53218
53232
53234
47706
8081
47709
47708
36901
40250
71160
8635
77050
99571
92438
395889
36190
7883
115339
42519
29080
117992
7873
190115
7109
209528
246266
191427
296138
53602
48191
306084
309130
63221
180952
317381
257335
126767
299683
239748
307686
68444
34610
582867
671179
3498
27973
8574
39529
7764
2715282
74615
1033263
3512
13413
13597
13452
2768810
34112
27615
55429
4931
3144
55564
122765
81572
9508
317981
268769
51324
132416
27446
6837
5659
6405
9668
319931
5111
5116
122230
9495
48386
29599
43448
48387
29783
16905
29788
29793
29797
36002
35921
43452
43495
5710
32172
45172
28511
7719
5875
7741
148037
321804
310439
89427
55676
5050
59525
38577
68412
73499
54600
285951
13628
3370058
35666
15819
13286
3627
99806
13333
7233
37294
46662
36243
75854
146617
28643
8615
235357
212734
30344
182680
182675
13818
280699
396345
6082
63405
77044
68464
128432
42426
721032
30419
37197
49451
9809
5308
50047
8235
123597
29031
727944
4092
28974
41882
9863
4956
88085
8161
107282
103600
48747
99855
31312
7004
5547
241142
269649
38596
85428
50591
87759
3077
751871
4460
1116229
130704
127999
1388766
1215338
36022
1229662
2708
1276136
913774
336685
478399
858221
1344416
1081104
33203
578113
2711
36330
29833
42064
153481
690307
101755
10020
91752
76966
55188
1081103
2203296
284138
264951
1053288
228946
7868
61366
5041
41984
2547956
693819
7111
293939
412133
119488
49390
5660
5671
561169
434059
78191
50458
59292
436017
33153
412038
4129
63418
263995
28494
7176
214529
31210
55995
578461
3406
292442
2899555
1496261
100907
52862
147302
2338500
212266
383679
2911785
575961
575951
101309
89439
5462
318551
598745
59818
6334
171760
876142
114476
578455
948311
3741
931890
112024
5219
66420
101304
56733
696363
1290391
1213857
30463
3711
61509
59291
46781
46780
7102
9238
7010
51854
74535
3821
665024
29137
78264
62895
36803
62906
44522
78374
9511
8475
245074
5541
8626
9891
10152
6903
88029
164648
8851
8321
9468
9470
10054
9626
9731
9773
9758
7155
29932
7781
3565
8607
1960652
3522
8957
9419
4547
136232
39053
89451
72279
101760
1895941
8552
8765
101163
1355908
33319
269627
289020
82595
89440
2053131
753628
115105
1690667
9716
885580
230844
191474
2053173
9801
1372962
43321
108858
491861
10169
61882
2926465
79626
1429090
5938
4086
3129
8237
9999
3371112
30531
52853
5846
6210
8005
6759
3279
6350
1028682
8558
9482
9833
4525
8671
4837
8838
9666
7125
4079
9411
9736
6958
5694
3359
6431
3464
7598
3267
2716877
4189
3682
4270
3523
3775
4378
3419
4365
4367
4373
4369
4132
4288
4009
4191
4035
3685
3956
3472
3799
3638
7213
8348
8210
8182
13395
5347
6426
3410
4312
4315
4304
4326
4320
3652
15000
6832
3072
13832
28539
28544
2982281
244486
9771
10042
13427
29588
29625
215440
5860
38273
38274
2835
3348
3258
3240
3180
39300
7454
1514140
47969
29923
13547
30598
8153
4582
3350
6729
86063
150436
60225
244936
2788
50343
269418
9589
7022
5064
9546
9540
8967
51655
8869
3357
49830
53215
53222
53235
53237
53239
43780
47711
54403
55521
115113
142679
45352
30195
101187
257327
82070
8469
387623
82316
89949
67723
531920
127021
573324
132465
73376
413686
34790
7241
34213
53233
56781
58981
72368
112175
425264
109899
5068
3663
4047
13525
13533
13702
13758
3507
398741
224735
87757
29910
34602
55427
117187
6848
7009
7386
45779
9514
9460
29003
307165
43450
29781
33112
29784
40555
40963
33124
37462
40973
35869
13821
29802
29803
49652
32534
49817
39330
34197
3517
49039
178616
89488
4465
160070
48072
35938
2950
32198
49577
9778
42325
5016
31271
4686
36723
37429
9947
34869
258867
6938
5098
289382
72448
164517
76342
494514
5022
3832
66636
68564
150966
69361
180217
28687
39387
9488
13557
2510777
3553
54390
9310
29022
35170
6161
91943
33113
145168
34373
4153
77546
183659
71654
2867405
169397
42415
35933
123796
30397
114083
1408658
1170828
47662
119562
6185
51029
3363650
41496
537920
7654
34272
114260
111176
10091
36721
107287
107283
36722
225107
9532
37336
105402
7765
41261
47429
85417
48171
79689
202635
5861
749593
1276143
45464
95324
37360
5849
1649241
458696
192010
93625
47427
203015
28567
13555
160219
95742
1940113
1828523
4784
644132
214486
2572248
1707701
351660
71717
230819
219812
2480843
76775
51996
73031
41210
3719
31287
13006
145284
145286
34116
61887
64363
3866
544484
81824
370354
280810
39717
4230
100756
123226
54074
193393
147272
1107943
7453
542982
184545
2053141
1905032
1186175
29018
571528
575952
608512
8014
296587
69564
223751
72359
48100
8415
993612
311405
981350
35974
38945
490622
2517390
74613
46385
29883
41736
1143189
343691
658429
124418
8260
52231
46778
46783
46785
7375
41776
15957
42003
9783
50722
51850
51748
35877
8084
13146
267067
78263
36188
44759
63464
9715
4681
2081491
8654
9358
8996
7452
7445
8797
8478
8706
9226
8962
8928
9407
9725
9752
9233
87972
9321
8853
9946
10154
7123
8860
9897
5829
217897
91438
36210
8439
273507
103941
163701
1690075
587368
64175
1956341
2032609
947578
101311
420712
37548
29159
73337
9805
69789
157695
9802
257329
143287
116153
1194695
1038076
8508
8323
9672
5467
7815
4091
5949
3915
3743
9440
8658
9664
3843
6503
8402
8517
3551
4524
5834
9049
4920
10112
10166
8559
223369
3050
9088
3320
4481
37682
3586
3578
3589
4722
1348078
5005
37176
4718
4720
5947
4024
3508
4016
3449
2823420
4341
4362
4392
4029
4396
4052
4134
4273
4276
4347
4195
7924
13347
7959
4318
3284
7980
13225
7011
28515
35688
13125
30584
29631
7685
3271
3277
3329
4020
30586
7385
59837
6707
8384
43545
97415
89452
192414
9614
36226
36227
39405
6280
36224
30592
9899
9728
9745
4089
3874
29082
51549
7698
8410
3057131
66189
239355
254849
92525
57686
7186
104355
64468
173545
31429
61428
412080
39855
120310
2705414
161655
2337432
91420
82168
367680
336074
334690
1042615
29875
57737
61113
9319
3693
120645
50059
4400
57276
4431
13339
13363
13381
13640
37738
126431
64680
4403
52114
9768
45796
89445
29089
183327
4950
3283270
7539
37295
147425
5580
157914
49984
13825
23051
33114
29785
16906
3390
29792
2829
33123
43461
34205
41413
339999
29729
197374
71271
142641
176597
110938
309814
124763
93612
51511
42747
4142
253282
35668
35663
4536
34301
217026
640484
552467
70610
913846
56313
73324
29176
230562
7243
3037
28711
61263
13415
7462
907340
93050
6206
143302
9970
31870
37334
73154
34765
41058
160510
57486
96477
169758
182803
34816
153248
177161
7801
30308
3442
3878
123793
34825
49707
40228
159328
66063
9568
94956
29057
147650
8231
47230
64518
4903
79784
56917
9535
86600
50053
4897
89020
48193
48913
670483
39329
761204
1170829
88730
930990
1137138
165200
102107
1540222
240499
545371
38881
983966
45621
13894
396024
187813
1899469
153609
2652665
2488630
1661398
29916
13393
41900
101315
110109
202807
63632
3909
74718
171822
226051
65948
36774
52970
35626
82927
369511
36171
4472
176596
438892
66546
482429
179355
157652
485572
2053133
478820
10228
271192
500177
417072
55149
486092
173492
571536
8010
160217
679716
132908
31243
137888
656061
4073
578458
658858
13274
13489
289672
258211
684364
129457
1160506
232302
1240351
701091
30468
8554
66627
35935
1047171
51890
48745
160621
9391
78261
78262
3658
77914
69904
7798
67771
36534
9172
7793
9622
6502
6442
10163
9906
9279
5832
4840
3811
3283203
1437190
1035770
1027870
2900493
101313
256737
1260276
8744
384067
119830
1388771
1904443
2051643
2083160
2211175
2652666
1245466
6116
1127826
3056146
2320211
37190
310711
91432
2838366
2838365
29091
6735
7225
5824
5885
5539
8582
10037
8630
6359
3552
7444
9680
1069201
140445
6047
3344
3346
3347
56897
3595
3535
3548
3899
3342
4716
3625
4208
4187
3778
3938
4282
4388
4164
4366
3791
4184
3795
4296
4148
3510
4376
3797
3772
7932
9719
8527
3404
3415
3409
36310
28498
28530
28527
28516
3696
31162
29590
33814
21020
3274
3377
8822
5692
4555
6869
75566
8238
9742
3327
3872
53225
53230
38661
54135
47705
1606681
47710
47712
47713
6216
71177
83131
85306
114109
36097
83000
9268
179646
457753
34708
298348
298395
339787
373036
226809
110218
167935
89952
42345
503929
138296
50225
75042
38941
159942
53231
39526
61253
72381
28573
325670
34357
36095
3516
55999
19375
221924
6145
34678
5597
100937
40843
61852
29172
182674
71119
9612
288787
31150
43444
39394
43872
16902
4283
16904
29789
29791
29794
37460
102822
41911
39343
27663
33152
38412
122368
28502
77598
102803
66468
71647
267265
54602
37610
9904
43982
55588
230564
61265
70438
23211
61400
105295
72550
9981
64697
85953
175755
5666
62277
94963
177162
98921
5095
141969
65032
52239
4606
1193083
104660
93496
74864
93158
134427
36228
94908
69083
100224
87785
152553
90069
48192
7943
1707703
159736
747525
930091
1077918
1756136
28509
57062
2024410
1603295
142615
80385
85828
128442
47428
765876
50429
1392248
1243767
41251
209559
1048519
904690
130827
93154
90988
36902
319348
5865
40997
49840
223459
108749
7192
34387
242110
71721
156870
332092
2546661
118503
229290
578460
34508
324593
2652724
5786
445764
33119
4876
542674
252632
98349
126966
30464
46779
66672
53852
61869
59474
39089
76396
1391915
78260
80379
2843
80249
61565
70070
2822
69375
9433
6697
5657
8682
8693
8463
9473
9760
8481
8532
7446
5852
5835
31273
3950
329991
366495
5057
512568
369776
268884
2024242
375434
2825866
274700
609295
101306
1496133
1873369
34846
35658
10117
1795694
2954934
135674
8628
1004253
9006
376633
2784303
5113
8945
5825
9552
4923
3850
3331
3340
3341
7971
3580
3592
3225
5854
3322
3338
50518
4238
3770
3460
4364
4370
4344
3762
4357
16925
4198
54470
4278
3785
4407
3605
13281
4911
7917
13074
7918
29934
1682391
4540
13260
3665
4918
84753
55425
28956
29628
29634
27773
9872
29722
3281
38902
70152
283763
13013
3670
20406
130731
170972
9624
30594
30596
53214
53219
53228
53229
53236
38750
38751
33528
47700
47701
47704
27708
27712
432397
38659
38762
9283
103480
185447
190110
880429
203992
5516
28379
105610
85636
272752
3662
59586
89948
79698
34407
359668
72401
58993
93828
264122
5670
6114
4909
5859
4124
13756
12991
13622
5663
23551
9769
103596
234921
31869
361072
101162
867331
43446
29787
29796
32202
33118
24736
29804
43474
41573
10007
13517
37349
308872
4521
3641
4538
3760
161932
67831
37425
278021
32529
249182
130825
94196
39449
6409
34621
190902
6118
27543
4082
7515
30076
65494
35570
46259
83761
176095
108848
33552
6584
159335
49895
37181
80863
115475
124846
5940
135523
78582
1496311
28982
51031
3091605
41839
36223
40830
88450
447135
29719
77057
69118
9798
76659
27697
87756
78168
27602
50452
38942
871575
930089
42736
62613
1131482
1283841
1112478
40922
97180
946122
6943
1442370
158046
100787
179993
1810909
4781
71150
228393
1407748
182317
50459
29917
3252
291059
318249
56216
767770
89425
266040
860918
1447883
73501
1448314
1450533
1840584
1729595
71958
1314773
1755444
945030
155640
425908
1134088
261999
182096
45130
148364
1435581
690259
242395
37621
85692
55291
334596
402244
4568
64660
54601
146911
413582
393181
123787
45474
96266
30064
3860
280754
38851
55513
3827
434756
4573
6997
45264
1291152
555479
182030
1563127
332789
1817999
321164
212268
746885
105430
2034992
58519
2022332
685569
127645
2546657
2546663
1849957
136416
2576014
2739307
77927
156871
3035065
3161195
31143
564608
659513
81972
325556
167930
62040
23013
87325
861557
453088
535722
369515
1489342
764097
764098
764101
764102
764100
559882
101300
120091
1055734
37690
95602
102329
127986
1170229
256750
256741
665912
110225
110216
110224
1151754
5883
47315
32088
37699
44142
44729
44724
33127
52518
45043
55125
39703
27405
7229
59312
10224
58942
1824555
58956
58968
58979
61872
63615
9050
7748
56349
56345
8951
42409
56236
56219
56229
38668
61866
62273
61878
41205
61864
41264
58336
58975
58977
55057
5681
48087
68415
69304
69303
51883
51741
51865
51891
283338
51751
68737
67940
72444
16922
2785
6655
71385
28680
56278
42229
69721
74549
7274
30018
36748
59542
72543
30554
37055
79630
37078
37062
75140
62902
62286
62275
62903
3908
75990
43256
84562
50033
66684
59520
66436
87288
3444
4217
6772
8741
7903
9355
4621
6556
8805
9021
9052
9093
5840
7231
4451
100951
8368
3842
6511
159298
7449
89435
95133
470425
95648
439592
310666
395594
129468
97188
77108
72283
609289
2547900
1035771
697321
4779
4792
754296
61225
500600
3245477
8727
157549
1643527
1533001
553697
212809
1519886
1405650
943129
190274
1842752
2203750
8443
257326
97191
97181
91406
2835637
2013881
1519145
2070216
2805830
27804
3370998
289039
257349
2943440
2597558
30208
267111
2724002
2807509
628533
7493
1113279
326622
7441
3895
3691
8740
7437
7700
6852
3806
6955
131240
8125
5893
6680
144767
8199
8678
5481
5936
8168
6950
7755
10081
7219
4944
3714
7235
3945
7268
3567
7616
7852
8849
463545
2765
230603
6508
142467
9148
9169
28024
2876
8262
2777
4002
4298
4299
3403
3657
3128859
7166
7127
7847
27433
28470
29671
13095
34341
34165
29589
3213
28526
27454
37696
28957
6413
30349
27457
4225
4899
35881
35884
29098
40367
35142
1156965
42349
7468
41765
3133
3130
70151
3900
13379
7297
30403
30466
9042
3930
38588
37468
38038
7725
13790
49041
9700
3192
3073
3911
515824
8036
98735
98737
98738
129941
69843
69531
252780
4493
33560
9295
9004
9071
9096
9097
9043
9046
9063
9064
30410
9694
9735
8885
8832
9078
8861
279951
3151041
10023
9123
30415
9111
9118
86967
8017
30724
91439
7590
8222
79683
5891
5892
5896
5898
5902
6594
308766
3993
15304
29660
29668
58992
59001
55960
10187
3604
5907
55431
68557
79674
86064
13262
152178
36963
8286
104953
104896
104895
94770
30804
74081
103373
58176
30360
8038
145282
146672
43558
99572
184062
162068
198836
227722
45831
164618
227548
252530
3345
5319
6990
36953
272754
29058
29030
299727
7141
36976
304879
303918
303919
303920
303916
303877
132935
36945
137544
341676
36961
344972
1520082
57155
119829
406443
8063
89947
69773
326589
134933
279985
120290
104060
326986
34405
643745
101317
393608
129461
55671
715217
317363
762504
765342
326593
248764
948959
428381
437222
55266
46793
55967
4601
49752
39082
40151
30589
30602
7726
36056
4808
6162
5128
3034
2805
4788
5101
70150
42043
6096
5682
4426
4416
7044
236287
5759
599730
227086
2850
5961
65634
9718
39088
39304
34888
27820
120305
254708
254705
29830
54069
6981
104420
51879
380607
44152
362823
196701
33546
326940
175809
38616
58067
51844
196258
51881
380608
51867
186578
51896
51877
268759
268756
167044
61090
268751
342401
36150
6211
6720
40366
9829
238835
254710
29064
50347
145475
38408
693431
4214
41578
59487
270777
148086
249017
249015
28501
34344
300843
9966
13459
27644
27646
30618
37186
67773
42731
37736
43318
9636
32554
39090
9297
9272
9293
9305
32560
34861
9275
42830
27668
9079
41249
34882
39382
662561
37438
37443
2885
9408
35845
238000
209869
332666
234628
105299
100382
472707
51348
28930
172271
29780
35122
4109
28973
34292
19744
81913
27606
155039
124759
306045
38677
145409
38665
104298
280976
270772
254706
100949
47665
37657
94961
236272
143353
249007
148068
148063
302098
160595
255365
237895
3370766
82528
121131
140016
308032
30535
273791
125587
28528
55184
291113
38632
42725
3043104
34827
132108
13514
63417
108586
27683
63400
230081
101849
207342
54847
39530
51475
51461
207935
4639
6879
50380
3426
269650
137713
269658
269657
269655
68724
50514
84964
271025
51915
743375
99896
29086
5147
109280
4108
79220
3075
241069
240587
40611
5047
1915362
94190
205594
220101
230186
33544
86973
191871
143300
94186
201239
223998
58083
37687
4604
29675
4516
112407
89634
89660
169987
28979
15008
4692
13569
143351
30601
42329
3370381
123789
22303
3429
59533
8734
9040
8787
148090
238005
238004
190509
62295
217708
225399
59461
182669
203698
182677
139309
55050
219105
71117
4702
82043
208119
208120
83653
33556
659244
122222
34842
181450
181445
88656
61862
183091
176586
183093
183085
183077
149453
41626
109582
183060
167004
149448
41604
176551
149447
176542
4252
217844
183030
183106
149424
183018
183016
169567
34386
137893
85571
48850
28697
28689
9070
182949
28691
3371016
89636
28523
1580572
45573
28985
144774
65694
144777
144776
167043
161599
161598
78630
101676
61970
13463
13458
50723
177160
32392
6283
27771
47721
123791
122231
143342
169846
169834
55520
34829
123794
43328
9943
69311
3043103
159337
160974
153287
124752
51011
3369931
51012
51014
27634
29078
159339
42411
42413
4502
83912
7092
29831
2747967
39374
118855
118853
69299
1212470
126711
129230
129229
129227
129226
129223
97360
171945
94188
3369701
146133
130820
138699
143352
102233
128105
61968
146129
146136
143942
126282
138702
130842
55310
65631
58839
76340
111974
125948
115425
100894
8456
36239
114433
184156
529694
34873
59453
80420
2835217
107036
4419
77339
4714
113538
108607
42026
31138
57060
92439
51096
110455
62141
34317
99848
8409
111841
111838
56239
107284
107281
50733
103959
8897
27608
100381
99854
99842
99833
99868
45479
99867
99840
48011
3111
2926
82047
6868
6287
93600
7888
8520
83756
34854
90383
9032
2599772
3355989
59556
89122
89109
89133
9993
90765
90760
90756
4959
99116
56267
59941
45396
464988
79327
101302
563466
857340
992730
990650
216837
94286
104710
1149755
1448318
2093647
797126
41047
124943
372025
752604
2582783
2040732
660469
222416
163159
245175
39984
48119
379542
109269
56866
1349691
453349
369127
94328
288550
980682
8621
2546666
2546658
2546659
2546660
101289
2599738
54860
151453
288781
75303
151250
659516
884019
43151
999809
764099
27339
647933
44656
1077925
89448
1532995
400682
5382
237073
19953
1196215
650164
173654
546991
5886
36166
7120
32168
37213
56798
9299
44709
74558
51695
55126
55127
2315848
39758
61490
46681
32556
479705
58940
58946
58989
58994
59040
58958
58964
59042
58971
61880
59473
48483
62282
62272
62279
10058
37020
44234
42410
56316
62965
59019
59032
59527
1423826
62617
68723
34880
9630
69298
66435
59552
59544
51738
8524
3370057
64664
6317
75832
70919
67809
43233
27291
74550
42063
60716
37737
76718
71113
9660
79632
79636
79638
79640
48682
79643
79646
79659
70738
59534
62898
9383
62274
33587
59414
81621
57412
62899
62894
56867
72610
36187
52237
83203
82366
39466
66434
9417
87289
3089
4013
4215
8868
7447
355677
263737
96794
7463
7448
3969
57622
5944
6574
6688
9240
8875
8863
8979
9017
9022
9059
4843
4927
7054
8097
7007
3677
52928
539890
268490
6924
2420066
856992
1519877
8633
2585209
1337084
298137
33431
1945508
317382
2766750
1956358
947579
497392
34729
1730095
106198
600763
160497
89441
89426
9696
29092
5684
34676
1328066
7734
4470
7612
6506
4505
6319
7723
10012
2510778
10077
10087
5857
6444
3902
47010
3607
3852
349646
3809
8230
4093
6271
6136
8336
8595
8519
4829
4359
3076
3936
5950
9176
9166
9185
7084
7483
2881
3986
3765
3933
31149
31151
5941
5272
13158
5141
8337
7808
7810
7823
7825
126732
13164
27506
30211
4456
2315439
4608
29686
29657
223891
37000
35704
3061
3371
34163
3868
33085
31921
29656
5067
3247
35862
38277
18101
40368
28574
34899
37563
36900
35689
13779
33107
2872
33099
34875
37549
10177
41486
34677
30401
30394
9034
7634
38272
49040
30019
2961
6755
45985
98314
58431
181095
192415
122378
42199
217898
8686
79697
27541
27542
69260
65626
32546
63143
8829
9044
8986
27591
69306
103590
30382
8865
45451
4062
37751
9121
9101
8992
7871
7611
5910
5912
30993
63155
61819
313355
3991
3992
29663
29669
4519
4563
29709
270576
160738
59726
34903
28583
42251
55673
76406
75329
31087
37550
92868
92867
95132
6736
45438
170953
167804
102876
187148
33129
105696
201386
58720
6723
41689
121601
249358
260533
6982
160499
37547
6976
7156
303880
303879
370292
7121
49314
37338
89953
89951
928525
248868
2602932
202239
86381
397392
7507
34576
3372387
89950
364768
458513
41956
1667566
15371
56640
54581
58936
58935
109634
327061
139061
7261
7272
8179
4421
3724
4300
13221
34739
78451
7119
202257
39078
148040
148094
27647
27660
58073
77231
170215
76777
51858
39283
39267
268770
269271
121759
886965
185457
6763
42192
6829
5699
10172
89095
29067
3047
128150
88448
37661
41565
3261
38494
4545
9280
58085
270782
270776
270771
3370473
270769
270764
27665
27667
29084
39293
13461
28835
42733
40817
42715
42726
466158
167953
9291
27779
27658
48684
29129
27661
9638
42827
8232
27670
27674
27629
49440
9423
49445
209866
69081
71162
83759
332661
60745
163696
298880
4749
37099
76717
30548
61383
343908
35137
46220
25629
3893
7395
148082
290570
290569
38675
38670
323381
323379
323378
323377
323382
100945
27675
236274
34865
227486
294653
257883
272952
273792
70226
9333
6344
303930
248133
291354
101278
9465
261736
100209
68408
161928
248254
207936
283491
42060
50379
59679
16752
4307
12949
191382
3259
44745
184257
3120
554373
100644
240585
240584
34470
221446
6306
48742
48744
27604
71006
210652
205599
55052
95912
205654
94178
3124
13365
237940
2786
49827
35876
4485
89662
162953
145694
54733
57175
34828
145526
100383
3370375
68734
68722
9085
8833
43364
97234
3583
83288
106106
203696
187012
237998
153284
55047
204267
71111
205596
71854
7246
43332
1088058
38241
1608482
37623
101596
45372
176498
207699
182256
181447
217847
183102
183095
121904
183065
149443
149437
183035
166980
185166
128718
176604
183032
176532
176528
183011
183009
183007
4247
143289
193080
128390
113097
63990
182910
159856
41807
85517
145786
41803
6277
59936
144785
168566
33541
70783
335393
85611
335395
167045
38276
69255
98923
101671
101667
183524
37003
50724
55054
177163
6337
8177
8099
30800
34823
51122
61377
45469
3371150
81370
169413
735376
3370382
123788
45468
3370378
30013
3369700
162630
159333
40225
109479
153285
109480
159324
159322
158019
9491
153466
55567
41833
34358
59460
156447
153783
118856
48717
129233
129232
34892
94184
94182
92064
80265
54446
144565
39027
113544
128106
94117
48089
138697
138695
108145
130830
130833
130835
69259
9325
381128
103866
1577725
34956
100896
39080
8590
46360
114409
13535
35672
89963
13674
73615
58035
65693
30050
30023
5025
27689
86195
109792
107267
109177
2162900
107274
83883
103954
46167
82174
103592
10129
134910
54292
45487
99847
99858
99841
99843
99832
99837
45470
99829
99825
37025
93167
27505
105399
105400
33631
90382
90381
59554
93163
84770
42408
89103
90759
75754
7938
88125
1368281
354589
46901
41522
1280523
1590024
221103
296050
34620
1137211
39347
914234
1450537
195773
4567
69891
34388
6761
148960
98588
78449
402239
4929
30203
176595
10212
68455
536047
42520
1211104
189456
52714
43522
1521447
48784
105361
326590
7487
316498
2546656
2546665
2718978
56992
2565416
7029
34553
4576
72491
629273
155694
659514
29960
645706
578457
39338
2678873
79022
7425
1257118
32073
32101
32102
46244
61487
61504
61505
52344
60701
58944
58960
58973
63144
9023
56343
62289
62285
29119
56221
530178
56234
56225
56323
56211
61867
3882
3046
51953
53277
58966
51172
51185
61637
79686
61634
51166
36087
62618
68730
66440
66442
66433
9929
51853
51862
51743
51746
51868
51871
51873
39306
55040
68454
6257
689277
8837
75844
78274
59517
72760
48167
452641
76720
79622
79628
79657
79651
79653
79631
37075
37079
59532
62280
46219
62904
62287
30408
57430
62283
62905
151723
83205
35632
7368
3260
30501
8655
8684
3721
148819
6472
6717
8807
9210
9213
8964
8981
9000
9029
9011
9020
8947
8939
462333
300858
30192
747462
30214
417378
8759
394106
439591
553733
2203757
1795674
1615745
2774376
2893768
288786
93699
3400809
387127
58060
2022720
329620
2856346
317848
110193
1407617
5537
5321
7641
8587
7946
7232
4786
9145
7495
7940
6662
7812
4767
7221
7262
32382
4757
7228
3040
8403
3834
7277
3447
3668
3920
3891
7263
4371
4383
12959
5066
9222
9132
9138
7412
7046
186680
262928
3763
3802
3780
1934731
3074
28911
36309
8164
8611
7819
29095
29661
29684
29685
29707
13808
34166
34342
28757
6055
37656
29594
37662
13502
35882
10075
29100
40370
443761
35139
35880
9055
6233
29205
27596
69307
41474
41480
40337
30414
30427
7635
4768
46433
36060
8503
61861
6807
1520089
179672
99387
98733
53007
53011
103981
3407
268415
57176
7074
7254
8871
30402
8795
9002
30406
30407
140446
9067
9089
4075
35625
202809
69300
8074
7614
7671
5900
5901
5905
5909
61820
34176
30962
29664
58950
29677
29682
29696
4556
59000
5191
126592
36663
70335
79690
65598
103890
92866
92865
39414
36977
145753
149628
112273
72433
112883
221162
82095
4846
2517092
7249
38516
310747
315323
272141
344696
197001
92050
3396
78357
129470
141467
51208
201963
55260
7420
30066
39617
56639
54579
72455
2911890
13053
415757
342398
236288
48157
2801
5416
5174
5803
7293
63629
114525
192403
362825
138707
65632
51861
327504
268775
862700
62296
269632
268754
376555
342399
7071
40369
9849
348153
148073
272460
45781
307108
121160
27642
49500
270785
249018
59482
27620
48164
48165
9284
47177
27619
2717061
28713
47180
32553
38776
34895
39964
42729
32558
32557
43323
28733
27624
40178
27627
27672
36800
332665
209855
332664
10127
37435
36775
231512
338729
1213189
4083
15565
306435
65484
290571
323380
38671
145408
38673
38666
38678
323374
323373
226811
109678
236275
148067
260821
148064
286131
88217
119956
294655
265733
57926
209425
135829
92651
261739
78866
33543
265731
712048
48420
207934
81770
283924
34758
281687
48090
48083
48085
48563
60854
137714
3370257
3371160
269653
71251
34884
126914
65383
106112
44489
205595
48668
230187
230113
230084
71703
148036
51657
48723
210643
34343
181542
458323
77588
1262161
76160
110931
4517
4123
144778
145709
145711
130722
3370376
64679
13099
147649
84988
42033
37541
187015
238003
237995
237984
260979
225101
227887
204265
204263
39705
143320
190473
82025
208124
44987
96809
554167
187007
196297
217846
41659
183087
183074
53728
176575
128726
183070
121888
176559
183063
41620
183054
183048
2596874
183039
183037
41592
119176
128739
176537
149426
149422
183024
217841
183020
41563
217840
176600
183107
185140
27923
45847
42068
13746
62698
73815
172531
135437
135433
41426
187004
186991
4492
23084
197373
144775
144772
183721
158816
158814
85613
38448
3004147
83755
10119
94962
29139
92481
10100
73861
10121
37949
29844
58334
112857
112858
94939
143327
143325
169414
56212
61874
45466
2933645
52631
43334
134600
153286
51015
40229
51298
159327
159325
59462
44242
75301
44241
29170
50959
96903
59689
118852
37698
129225
122246
14027
94128
4954
8167
53019
13708
87752
59691
63677
94884
89632
146137
130834
135486
138706
106110
108149
130831
130838
3382
859894
9328
9318
82928
37406
93846
3335
39097
10055
7640
125952
46287
111884
66178
66184
114415
114414
4424
13258
89482
113539
28980
42260
50461
71802
70596
99850
112021
111840
111837
107266
39411
2720219
103956
103584
3371155
27613
42100
109296
64683
48017
93159
93164
23101
2945
39519
75743
84645
39472
3886
3999
90384
90385
98658
71003
98318
89107
89099
89106
89121
89100
90766
36651
148304
57679
72447
76714
113636
37702
56292
57392
1075777
1075778
59899
1295018
286432
75352
1532993
717982
78632
13563
1955184
859642
1448311
373122
121627
1108807
214687
1518534
1633465
321263
447489
446489
43700
10195
471292
225164
144753
10009
1184495
441375
128967
1200835
46122
84074
1563122
2591764
2527855
3555
2688366
69826
4579
112001
4580
367775
544711
655863
588669
515817
46460
1173533
80836
29642
58521
32095
37214
29621
55145
44720
44711
59294
56613
65784
67755
69364
58948
58952
58955
59038
423608
69297
56230
56227
56217
3370561
56214
56319
57918
66308
64093
61639
61641
57734
61627
61633
61631
61626
61643
60891
62620
62621
68414
69045
68736
68741
59523
69305
9883
10013
50725
35660
51851
51857
51739
51866
51888
8636
51895
68413
59529
39030
27381
60715
60717
82204
37179
72541
452597
79627
37073
79649
37057
79633
37059
79639
56079
62897
62901
23110
37005
36200
45450
83371
61127
9962
4023
4458
2889
8066
256662
3228785
2547444
9351
3457
3858
8858
9010
9105
9248
426499
463567
742152
1143368
439589
1664552
34740
2024661
58804
191816
2751878
647263
187800
144040
58065
95134
164302
2902644
691692
69319
656064
8629
2868
506672
5842
9737
7207
6910
10019
10018
9177
9175
6674
6386
307972
10072
10073
10076
178385
7236
2855
9848
7216
4094
5483
5454
9178
381442
9151
9163
7251
6969
7503
5297
8610
13397
323200
29666
29694
3391
34168
7151
33399
33400
36094
6284
33562
1978144
13368
13370
5007
37553
10070
29096
6265
35942
1185355
33097
13608
34866
57265
37441
33130
41468
29060
81897
46435
2928
7173
30392
8994
9125
8969
3012
50280
49756
49757
37316
57078
118972
41680
184613
65539
98740
98741
69533
204638
120732
9281
30670
69268
32545
32551
8874
9061
103589
8887
30399
7939
28845
5895
5897
5899
5903
5906
4088
29662
29672
173042
70848
42151
129522
136037
186872
72011
40321
230192
2499473
36975
184140
143315
328265
344693
344974
344692
138955
390785
122832
55782
37674
37729
9344
58866
33466
83679
36062
29922
6412
7250
161921
37191
27293
94469
50730
227166
196253
148041
148039
38614
170211
170214
51980
36225
3370481
268771
268768
268767
268760
127560
268755
40176
94289
34589
254709
348362
49266
458326
307106
38493
38791
41608
58087
48988
148071
9414
249010
38775
418664
29094
29101
30635
42716
43325
37189
30624
42719
30627
27617
36267
39963
42834
32559
43327
3370919
36268
209873
121573
69073
54111
61157
410303
298896
33128
323362
290563
155040
246553
38409
145406
145411
145407
145412
94248
105255
284671
323376
323375
234934
9629
291259
148033
148093
143354
409029
124750
60532
258933
155916
34604
7886
141652
261741
89672
108582
27682
41199
290248
38221
59011
50236
71402
278198
42061
63225
50378
30581
28977
223814
231680
127539
1665529
70284
93385
201717
98316
235204
205597
230112
48752
3082990
71121
193455
76161
4586
89652
144773
50507
183104
71855
129224
45467
35874
34590
7984
185453
225401
225400
233765
238002
151069
182682
182673
37032
215636
71115
81762
81741
81790
1328070
2231603
181452
183098
149409
176589
144192
53737
183089
183067
183076
52299
121890
183068
176567
183050
176555
183058
183056
149445
102792
149418
183029
53580
121910
183306
176524
176522
41494
183005
217838
203496
94623
168802
172532
182907
187016
4588
201502
188929
158815
38278
39708
46218
34858
51342
183661
183658
143330
42156
42157
173668
2484686
1232801
84843
143345
143313
169415
62053
169756
170736
63766
159859
158054
85066
85526
159332
40239
51016
40226
138977
109477
109478
412095
59485
59074
112528
112525
34908
157164
118854
907741
907742
129222
40932
52116
113116
13816
70144
3062406
3234
122232
146130
30609
130832
342807
38598
114227
69270
111865
125947
100895
36240
36238
111947
111945
111948
114413
13573
13429
2920
42754
93788
36767
52904
8201
101473
107272
99827
108517
112022
109178
107279
107270
66444
9931
73823
8150
108826
103594
103585
103598
27610
103582
103586
3371154
99869
99856
45472
99831
99826
93157
86521
41272
30385
59555
85952
56242
89102
89101
89097
89117
89112
89111
97363
90757
64884
88124
56265
42346
1089451
232301
3244988
101757
765440
945553
79200
1795668
1448310
1196081
101201
2912585
257890
172520
66018
536046
1108046
159422
182818
548547
362247
4572
80604
36911
1301368
613112
1131259
1884235
129464
2546662
2684170
1048531
210409
129356
178876
46514
7209
61221
293154
929439
94400
163134
1170230
72859
156851
1230383
6859
40633
56116
44735
8758
5775
60963
2860243
60967
61489
34893
58954
58995
60702
61871
63616
3371021
8954
56350
62288
56210
56213
56321
37440
56317
465719
13151
58969
61628
48086
68732
425201
68739
59536
69301
9588
48560
51742
51745
8576
51876
51869
129326
129310
51750
51752
69302
62619
45482
70770
4785
71386
71384
65606
30033
137712
59515
72545
59896
72544
72540
59530
76722
77911
79629
79655
79634
79637
79642
62276
9384
62284
59409
9083
57411
62281
78447
83372
59528
77218
3631
3116
2893
3528
4511
7646
9974
8094
8901
8876
8971
211679
9081
8943
909294
112178
121331
2024663
2024412
9691
47564
257315
1525234
256666
2582856
1574124
3679
8584
4543
10017
3675
7644
3496
8698
6052
10074
29099
10078
72589
7264
7299
2032702
2792
7218
7536
4309
4323
4302
3610
12942
28955
5207
57983
7821
40579
3845
29817
29708
13840
34167
12990
36044
34356
9313
29746
42738
13123
35628
34856
35885
37591
64504
2782
34871
57269
37436
37172
41482
30421
30423
9076
8905
9065
49755
49758
59185
202806
8659
269628
8688
7259
9330
30388
8872
8873
8987
9208
8884
8882
8966
8973
8961
2717088
8909
8912
107021
4570
31137
5922
7965
59020
58983
58984
58962
289038
42528
124593
506675
201391
221454
34730
230234
7247
7248
304880
459512
38569
199156
202477
89416
39413
220462
279730
278110
4593
37679
58860
72456
58938
58873
136282
7270
8187
57268
70154
1073566
10138
4412
4414
161930
7266
399782
254707
273928
12968
72790
51870
362826
249009
3370950
59934
257448
52814
268758
78584
100475
255217
6577
47313
153142
348154
109475
148965
128151
307107
77216
270783
249014
418663
418659
925459
37950
13462
32544
32542
30619
2717063
32549
126294
42720
418657
27626
37173
36265
109335
42828
41806
49443
243070
332668
112226
81935
297005
34391
28479
42439
3349691
330465
290562
148092
38669
145410
145413
549624
323371
290597
5143
257473
148065
148069
315377
315376
310437
310436
120510
182084
294650
294648
294649
36802
273789
3494
4397
122298
117272
88733
135717
291115
291114
90758
300627
8676
163861
261731
78583
261734
290249
1247836
42059
235650
63224
4285
4115
231678
231679
231681
3262
184258
269654
112408
140761
251311
13721
226860
240588
106113
173667
907965
71696
4952
33559
183747
205655
205656
319817
30621
89666
115448
145693
85269
99830
230653
77149
2773
233766
238007
190511
190508
109485
13029
94437
3370370
9683
41010
42433
86977
74649
1088090
105273
196298
187014
187017
183083
183081
53588
183072
183302
217845
183052
183047
53719
183013
183026
169611
53717
41490
59489
145781
192173
187135
183535
84648
92483
148052
30481
35579
141206
135197
155306
68509
169416
170740
112852
3370383
7282
109760
123383
9958
109481
40224
51010
27654
51013
40230
40240
159329
159326
98922
42412
156448
51501
161496
129231
129228
109298
94192
48457
61572
123795
213498
118798
94886
106114
92062
130819
130836
130844
130843
65608
111875
65672
885923
129769
39584
76276
53015
53035
53031
100900
931069
114670
66179
51089
45589
29583
107268
111839
107265
107276
107285
44314
37035
103583
3371156
103588
100306
99860
45480
99871
45471
66437
78439
93160
32189
93621
1081927
34297
93166
87138
93162
98661
89150
89131
3144150
89108
89096
89115
90770
90764
75756
75755
75753
61716
57436
51346
66713
1442373
34607
580329
1324310
1096223
187802
62324
1042311
1052797
60517
234064
338818
338839
338838
409167
1041429
1037657
253132
1628030
253133
253128
253137
253130
253136
409170
270861
1041430
112863
65742
30335
13469
491106
2849586
317373
48032
1929765
48498
89442
4529
3485
2599099
61254
68456
28929
46895
46802
45171
49152
49144
45912
103365
29965
4957
78255
48852
58331
60124
5217
3854
8258
386596
486498
89446
43368
745793
90694
104588
188295
239755
72282
353555
1329349
1936065
1936067
135666
264722
308501
289040
89453
2598454
144042
2858
8047
8204
1298647
34770
4155
7602
6678
135647
6415
6587
3672
6478
7750
88447
35926
29896
33414
4794
8569
481883
6432
132421
4179
28693
28694
28682
28701
28702
28708
3165
8103
27835
7239
48414
53479
184615
171899
867363
175951
12921
45920
68872
61289
29065
2986
104065
104894
39404
82600
99391
4509
74499
111169
102211
280265
38051
36981
313354
36943
341256
343459
200361
1593264
159749
338210
3513
521524
89835
161578
596121
596120
348767
76901
424761
36951
521511
406578
242713
521513
521514
13139
521518
348758
521515
521516
344690
521525
7085
1661849
521517
36974
91419
49495
244443
756487
756488
286670
765341
267161
765345
267208
765348
444978
444697
109174
36050
2866
6932
7202
3396457
36965
3751
7442
39875
121845
13204
749589
38567
110116
46577
46295
62035
35923
5221
44015
261158
79517
292458
137665
22903
77504
6009
5997
310433
310432
310431
3430
93025
270119
65647
226230
53854
49843
20340
171222
261911
58041
197003
41840
3334
56958
13337
90761
82926
206448
224193
34291
176591
8394
175797
215347
231648
213494
226931
3326
58710
78452
3360502
54835
71638
46836
164242
55060
187002
39353
200960
97041
74519
74517
74515
200951
47082
193478
28473
282269
97723
66268
185004
161105
178106
178105
178109
125397
124745
176590
40675
36241
129392
169837
153842
154406
38275
153482
147828
65951
126270
65351
120015
120010
135190
49224
49456
66845
66847
130316
42048
114509
7162
105145
54126
56623
39388
48537
37660
106044
106042
100123
56187
82489
5876
91237
280463
6088
262245
251391
67708
2805811
89805
4432
2932
140564
98310
186611
326717
28995
173346
55293
450841
59596
31449
2911866
179536
179534
350892
261658
42248
55055
52153
46796
46827
66265
13385
13585
49170
74059
69008
74629
74638
85120
55038
3619
6436
6571
3857
3960
394108
907947
504457
439588
486497
75948
2588089
319352
2066575
2893826
2840447
568724
239754
6766
36221
7051
31285
6453
7603
7663
39955
3140
6184
7107
13202
5142
8389
3949
29711
28696
28699
47724
30405
48416
36049
30227
91625
8025
84049
3941
53164
13040
458609
39403
56594
32597
212527
167791
80369
7061
7058
38040
56372
204129
59895
156844
34199
1491104
368049
372551
429560
71633
344686
521510
348763
348757
348760
83902
45965
6819
627754
761655
51432
329875
28478
7807
41061
717944
42744
40116
6456
6457
6458
38358
7064
126712
43963
42465
79923
34679
34682
5698
77054
338837
29772
83875
3597
341692
30212
35872
62335
88718
83699
197863
278061
70075
310440
292531
260142
39976
42039
46114
34608
58886
289743
62752
175037
66669
66662
66654
4733
265354
232278
61084
39833
81866
194917
81630
60870
73152
252766
58335
29805
191066
13626
117260
82475
74635
281068
144771
75356
12953
37490
3454
231663
38856
182253
211651
71624
138705
187005
185774
16901
200959
60915
41257
200950
3862
199376
175761
115877
282267
175770
161111
161124
161101
178175
140994
63422
66201
3371120
2778567
177185
176593
169851
157519
86643
44588
148309
142000
78176
81982
34188
82331
4689
48864
158323
66169
3317
35708
97168
1173701
10105
33653
38731
29695
106043
20484
95630
29150
1519839
553711
149040
41568
177089
235532
221204
522437
43879
81971
72155
56183
46704
1526577
334891
97445
2736592
179535
309632
2653061
172644
72862
217261
43171
55837
1859971
52818
58308
49151
49155
35659
49622
3333
3190
3125
356665
48842
78275
70825
74645
51300
63359
3876
3905
3057
3855
333970
257336
1435583
4955
6424
8472
5801
3890
2792136
3029
8197
4766
3363546
5343
5588
89940
3946
30213
31874
35141
29715
29013
40831
3968
244728
7024
55890
84045
4499
19769
319919
30362
156534
166014
411873
716892
279180
37488
7284
38043
350939
344688
406666
348759
645593
267100
765347
444980
7271
3897
255776
156230
6299
6827
7273
6303
32570
61384
99303
111597
46147
44016
152679
47065
310438
303133
3600
4436
223852
4617
53216
53883
54874
43168
29930
88731
71649
93767
103475
183752
84009
38865
252765
224140
86878
69908
50498
69717
55186
82483
50545
164650
13599
51434
204382
83937
231652
13493
126913
38672
98112
70928
71650
71644
164241
101617
60175
148087
97023
74508
97036
34284
66168
175716
3305
114456
133430
41994
32245
172846
56641
101028
282268
4026
160372
103874
2716527
4477
180772
182306
75100
32242
133895
153293
33616
28800
48417
6604
169843
107618
57008
150983
163232
5960
52283
81973
63678
44947
82328
33109
13612
559304
102600
106026
106071
100151
34193
82490
90978
1337083
251400
580330
361077
41427
684658
71001
88149
22666
227868
62337
31155
591085
591090
52570
2358373
2935606
7170
208016
865857
98038
453085
34609
46893
58311
35924
45910
70285
71578
74641
3985
360549
8312
3859
6357
3856
81899
8378
5847
1464547
1203470
289047
2782198
36483
5845
5264
3861
3829
3922
8096
7574
3813
30493
5039
5584
1418174
31290
5757
23271
27706
30582
35669
35135
28841
35922
28710
29679
45384
10097
6641
57375
356666
3844
61304
3825
70415
84543
104610
103831
2171410
85232
231278
265212
279525
1260784
368048
375577
5418
67594
709964
765340
765343
761653
866613
46795
46791
6455
6459
3064
7257
7269
113383
6304
15945
27801
372077
372076
5778
4170
7255
2887140
27575
41704
29769
29770
29714
86757
292456
235222
280846
83865
73621
310434
303132
198824
260143
260746
46052
240022
240061
247906
3835
13467
51159
9587
142759
77259
13485
115715
45679
248511
33117
183749
90767
57378
224139
82476
282272
132888
63673
29839
204345
41378
69338
3351
224144
381046
202152
118676
43778
52617
36205
8052
77912
71645
53861
187011
187006
187003
97043
60916
74502
193489
175759
174187
58033
106495
155435
50586
89585
63360
140997
32220
140993
38181
177182
110941
176594
45954
169839
82268
154407
34282
127018
31216
74647
52705
55958
3414
130315
13727
58030
38689
123604
104688
96939
88887
66004
46037
106046
73732
47096
4694
82209
97005
82504
90976
99786
361139
407301
129105
165561
92741
59324
1977830
491104
86630
2653441
85551
52152
2340912
742176
56154
27338
58309
58310
49150
46249
74650
74655
55259
84408
4110
5853
8284
535937
43367
696368
38727
109996
439593
1333719
88934
168796
3119
3996
3697
3926
3830
4066
6966
303935
30207
30215
121156
28681
28685
28686
43311
28706
28709
506674
7731
3161
29025
34270
8660
43147
37589
78354
6999
30387
8685
40704
40719
25593
72115
7849
126650
8345
260542
38052
335439
340056
3492
392766
71413
407121
175300
536631
46840
46792
46794
46790
1491020
7052
1156966
6305
34689
41045
1710587
52202
34691
29771
86303
118799
152754
38033
154766
62334
235900
105186
2890917
258703
197864
310441
310435
34216
198825
82213
292523
60141
68869
210797
1465296
72662
66097
88732
69109
82418
53038
13579
248515
195717
93815
39468
136225
4025
168567
40717
164651
76186
214812
90735
49724
49696
185780
38864
202130
82232
54921
71631
55062
199618
210212
60174
170927
185776
55378
74531
74529
200957
282271
282270
66205
7667
178121
51605
182300
178123
36600
141007
32243
116737
124756
1042646
34462
163303
63058
130144
106974
47617
65991
43455
131071
3730
81970
63355
13445
104308
47316
106276
40126
63659
25625
96050
29687
38684
66173
13387
102601
46032
53833
59067
72493
46835
50364
82494
49670
3848
1125938
114524
54672
5785
6631
1902835
6141
99038
51637
3389
175648
194527
64384
3078
43341
6203
36015
98342
105606
662117
542673
2969
176265
81901
6347
6205
99573
39450
255163
42344
8374
309541
1274933
185214
